712 528
721 523
729 520
736 516
742 513
747 511
751 507
753 504
754 503
754 502
753 501
751 501
749 500
747 500
742 487
737 477
732 470
728 466
726 464
723 463
720 461
718 460
716 461
715 462
713 465
713 468
713 473
713 478
714 483
715 487
716 490
717 493
717 496
718 498
719 499
720 501
720 503
721 504
722 505
723 505
724 505
724 507
724 507
724 508
724 508
724 508
724 508
724 507
723 507
722 507
721 506
721 506
720 507
719 507
718 500
717 494
715 487
714 481
713 479
712 479
712 480
711 482
712 486
712 490
713 494
714 495
716 494
716 494
717 495
718 494
719 493
719 493
720 492
721 490
722 488
723 486
723 484
724 482
724 477
723 473
722 471
722 469
721 467
720 466
720 465
719 462
718 460
717 456
718 456
718 458
718 461
718 463
719 466
719 469
719 469
719 468
719 467
718 465
718 463
718 462
718 461
718 460
717 460
717 459
717 459
717 459
717 460
717 460
717 461
717 461
717 462
716 462
716 462
717 463
718 462
719 467
720 476
720 482
720 485
720 488
719 492
719 495
718 497
718 505
717 512
716 517
715 518
715 521
713 525
712 528
711 529
710 530
710 530
707 530
705 530
704 530
703 531
702 531
701 530
701 529
701 526
701 524
700 520
701 516
701 512
702 510
702 509
703 509
705 511
707 511
709 513
711 513
712 514
713 516
714 519
715 521
714 519
712 518
710 515
708 511
706 507
704 504
702 503
702 504
702 506
701 509
701 510
702 512
702 515
703 516
703 518
704 519
704 519
705 520
706 520
706 520
706 520
707 520
707 520
708 518
708 516
709 511
709 507
710 506
711 507
712 509
713 509
714 509
715 510
715 510
714 506
713 501
712 503
711 508
710 514
709 519
709 522
708 524
707 525
707 525
706 524
705 523
705 522
704 521
705 514
706 507
707 501
709 497
710 493
711 491
713 491
713 489
714 489
714 489
715 489
716 490
716 492
716 496
716 500
716 504
716 507
715 509
715 511
713 517
712 519
711 519
710 516
709 514
709 512
709 507
708 510
708 512
707 513
707 515
707 515
707 516
707 517
707 517
706 522
705 520
