739
742
742
742
742
742
740
740
740
740
740
740
740
740
740
745
744
745
744
745
747
748
749
749
750
750
751
751
751
749
749
749
749
749
749
748
748
749
749
750
750
749
749
750
751
751
751
751
751
751
751
751
751
751
751
751
751
751
755
754
754
753
751
752
752
752
753
754
753
754
754
753
753
753
755
752
750
747
746
746
746
745
745
745
745
745
745
745
745
744
745
745
744
744
744
744
744
744
744
745
746
747
747
747
747
747
747
747
747
747
747
747
747
747
747
747
747
747
747
747
747
747
747
747
747
747
747
747
747
747
747
747
747
747
747
747
747
747
747
747
747
747
747
747
747
747
747
747
747
747
747
747
747
747
747
747
747
747
747
752
752
752
752
752
752
752
752
752
752
752
752
752
752
752
752
752
752
752
752
752
752
752
752
752
752
752
752
752	
752	
752
752
752
752
752
752
752
752
752
752
752
752
752
752